100
1014 1015
404 512 6 7
103 516 9 7
901 58 10 13
415 900 4 10
606 795 6 2
131 470 9 1
405 692 10 3
335 62 1 3
116 544 4 6
298 957 15 16
155 650 15 11
159 5 6 14
656 100 2 7
36 897 7 13
229 492 7 6
202 918 9 5
125 187 4 10
611 480 11 3
835 804 10 11
441 956 10 11
789 70 6 8
439 764 1 9
924 774 7 2
605 868 11 10
1005 945 1 10
397 925 9 6
844 397 16 1
194 418 8 2
599 997 9 12
201 71 15 10
605 387 5 13
478 683 2 2
251 998 14 3
461 396 3 8
582 825 3 8
252 101 5 5
817 506 15 6
1005 902 9 3
662 595 7 10
600 395 9 1
642 76 11 9
856 821 1 3
700 97 9 11
568 982 11 8
294 986 7 5
681 783 10 14
259 662 6 11
605 528 6 1
812 395 8 16
983 828 5 16
1 405 15 10
1007 884 4 14
932 617 6 12
753 893 3 16
135 458 16 1
688 455 8 11
171 677 12 3
661 187 7 1
941 117 16 7
656 223 1 15
432 510 11 7
20 444 6 14
337 862 2 7
922 916 4 3
282 102 14 5
643 368 7 2
734 855 16 13
439 287 8 2
405 79 7 2
948 480 4 1
100 623 16 6
875 527 7 10
880 728 1 14
827 737 2 8
869 240 11 1
390 367 6 16
555 593 3 1
436 190 4 10
450 1001 5 14
9 695 2 16
370 475 9 1
529 627 10 6
887 144 7 13
719 499 6 13
333 693 10 12
290 850 11 5
593 782 15 11
224 586 3 2
182 926 16 8
235 74 14 15
13 39 12 2
253 769 12 16
993 591 8 4
88 569 7 13
650 738 14 15
990 642 14 16
385 504 4 10
905 23 2 2
717 374 16 1
297 609 6 3