105
4047 4018
263 2387 7 4
3830 2424 7 3
3431 3584 10 13
1959 166 4 14
774 165 4 15
3686 960 3 10
1361 840 12 4
3205 1109 15 14
2346 2477 11 4
2541 3256 9 7
3843 1670 8 9
42 2699 11 6
2663 2066 4 2
157 1647 14 2
3376 1673 3 4
1375 2422 5 12
2373 941 8 8
3090 2170 2 10
886 2060 6 16
2919 2344 6 3
2344 2115 14 15
1621 3833 3 4
2229 3034 14 13
1556 2714 12 15
1155 2689 5 1
888 591 1 11
365 582 13 10
1987 96 6 6
1175 1455 5 14
3936 1334 15 16
726 750 13 16
1813 830 2 4
625 152 6 8
614 3238 4 15
3910 1272 4 11
1404 818 13 12
956 2189 10 3
127 106 5 1
2612 3386 12 12
359 1618 12 5
1756 2593 7 11
2719 1801 1 16
2295 3464 3 7
3528 3435 16 4
1509 1341 5 8
3224 463 6 3
2057 3300 1 7
1948 3433 15 16
2016 3217 9 6
139 3817 1 4
1222 3082 4 16
3188 1902 6 8
1738 818 6 6
1891 2238 8 11
4045 654 2 9
3802 1799 11 3
2245 1011 5 9
1623 3981 1 14
3262 3151 11 4
2365 445 9 12
22 18 12 15
3664 3273 4 4
851 3853 8 14
2494 538 15 10
1065 2387 9 5
3052 1885 1 8
1032 3099 7 5
584 3014 7 1
1280 379 6 7
3254 354 3 16
2393 3698 6 12
2455 3489 12 15
289 3378 7 15
574 3203 13 1
1856 2031 15 5
2152 3954 8 16
3591 366 12 12
980 1002 7 8
2291 3999 6 5
798 1179 1 1
2953 1437 5 12
3108 269 9 9
1950 1058 12 1
1223 581 10 15
156 963 2 7
3143 684 14 5
3396 2101 1 1
1372 976 2 11
2218 1854 8 14
3128 1925 11 7
886 1628 13 14
1753 640 8 10
305 988 15 11
3038 1306 14 12
2478 2475 3 16
263 361 8 2
1340 2430 9 8
1727 1759 8 5
3416 3829 14 2
874 1386 16 2
1215 2027 475 229
3014 3686 493 332
1625 1766 278 455
490 2324 491 127
2934 1855 183 106